1000
45 39 23
90 76 61
99 60 89
49 22 17
42 33 8
40 47 81
75 2 67
75 12 4
61 12 61
85 68 41
13 63 44
60 100 78
70 91 100
73 81 87
51 16 83
74 32 14
47 27 41
91 47 20
38 4 40
69 11 77
32 81 7
99 91 5
17 37 79
86 98 75
34 44 91
78 12 26
75 30 25
100 9 27
31 9 97
28 1 34
67 68 52
25 43 2
52 68 7
21 52 78
18 57 73
94 62 11
85 71 33
10 67 92
88 5 55
47 66 68
71 75 75
26 57 61
7 52 70
73 94 45
13 66 1
79 94 60
2 47 93
77 67 94
19 7 99
47 66 45
22 45 39
37 33 18
81 58 33
43 47 33
31 46 91
53 92 12
16 66 92
5 66 37
63 47 47
81 8 37
43 82 18
60 24 94
17 73 94
99 77 4
61 87 41
20 24 95
21 81 30
11 78 3
91 54 60
21 99 3
33 56 65
65 46 89
38 91 22
79 70 92
1 69 27
43 99 74
91 2 12
60 2 68
29 21 13
2 59 23
13 94 70
91 41 56
17 32 44
83 83 38
7 55 65
88 45 37
7 38 80
20 98 70
42 67 86
61 29 41
17 52 13
91 25 16
21 6 39
28 74 83
28 37 95
61 34 14
69 39 59
4 17 11
75 93 5
7 13 7
46 83 61
57 98 14
54 28 35
45 70 62
97 24 78
100 63 3
94 11 37
5 5 86
36 41 40
31 83 25
1 28 70
92 7 98
40 5 31
100 45 18
99 26 64
61 18 70
75 56 53
87 78 17
27 81 7
31 20 6
94 30 1
41 97 37
64 15 25
12 72 15
66 96 69
72 53 57
22 97 31
19 57 99
7 68 97
16 15 64
57 41 42
69 26 21
8 87 8
26 91 40
42 91 58
38 15 17
28 88 81
97 81 53
4 57 29
82 2 69
56 48 75
11 10 80
91 96 80
57 38 52
88 56 9
55 3 20
41 85 26
8 59 6
15 27 85
47 39 84
23 66 83
73 7 6
16 46 80
35 87 31
36 65 62
21 53 4
7 21 17
85 96 27
18 82 44
38 2 57
82 87 30
67 60 11
16 5 23
54 84 33
15 70 53
38 13 28
38 4 1
23 60 91
96 67 6
87 66 72
81 3 94
92 10 71
52 79 8
45 39 5
81 69 83
95 85 81
44 31 91
100 89 79
66 16 67
41 20 71
54 8 62
96 23 79
85 73 67
13 15 91
2 9 3
80 22 42
87 21 91
11 30 40
30 25 5
97 58 73
65 39 45
35 22 38
86 89 75
80 46 30
46 25 23
59 22 76
36 64 15
73 79 96
20 56 46
6 27 73
41 62 75
66 69 9
67 67 62
14 89 2
73 35 23
80 78 67
14 33 90
13 69 20
42 4 54
100 18 7
9 78 90
27 61 19
52 79 95
70 100 38
2 64 93
84 79 48
90 24 63
34 14 7
42 33 100
62 46 8
79 37 2
45 58 33
4 62 87
89 42 1
0 34 29
77 61 9
28 12 87
90 37 82
98 42 24
99 99 99
50 42 68
2 48 25
89 80 24
13 42 34
73 81 29
15 28 37
34 26 6
20 28 98
96 2 72
16 58 42
80 5 56
52 22 97
30 5 55
42 67 14
19 32 69
24 81 77
12 85 59
32 27 27
75 63 74
97 10 17
99 41 62
100 37 76
14 65 87
53 48 96
54 13 86
23 74 80
34 10 100
91 10 23
55 58 79
19 77 72
16 93 89
19 54 59
16 39 79
86 14 22
66 75 25
33 69 55
47 92 81
57 26 71
38 96 19
56 84 29
51 37 95
42 35 78
7 95 21
91 74 34
39 68 98
47 74 14
22 34 52
68 88 5
67 83 21
18 18 95
96 33 27
46 18 82
17 69 21
35 97 48
12 33 57
12 3 26
77 76 20
91 10 57
95 52 21
20 41 6
7 55 85
76 23 47
37 62 67
76 86 17
99 70 86
2 76 15
61 88 67
19 59 93
15 12 1
83 41 63
39 62 19
51 9 46
92 67 54
51 32 31
78 92 39
58 91 89
11 72 92
95 11 94
28 43 83
50 69 97
45 12 15
45 19 56
40 29 19
32 74 85
48 48 69
65 77 76
70 70 72
22 61 99
73 43 35
62 18 5
57 27 68
90 93 62
5 74 9
59 43 87
37 54 52
3 98 22
64 96 55
27 39 58
73 41 26
41 31 52
37 87 64
8 88 1
65 48 46
74 24 4
100 91 18
24 8 15
23 34 79
51 26 61
37 21 1
38 18 100
57 75 37
59 8 29
91 9 77
94 73 33
99 8 69
30 44 90
13 28 46
47 52 75
95 61 13
90 77 46
3 53 40
7 84 93
30 57 67
17 42 4
30 61 23
4 47 1
11 92 53
90 98 72
80 65 25
63 53 74
69 25 52
55 77 36
45 54 78
75 36 52
32 38 20
53 86 23
17 2 33
70 87 37
56 65 95
1 45 6
63 42 23
5 21 40
58 18 38
35 55 63
81 45 30
77 75 53
71 28 11
8 44 91
29 94 95
54 69 77
75 40 70
79 48 76
3 40 45
84 40 70
82 65 54
51 34 61
79 6 20
43 97 35
93 62 100
31 90 6
90 69 64
65 19 26
7 33 36
8 3 76
15 81 30
74 77 38
9 100 8
79 31 94
17 63 22
16 96 54
25 2 9
16 20 69
67 56 15
33 24 78
74 76 22
53 61 85
15 72 4
71 83 38
88 58 41
92 82 14
54 99 95
30 64 56
75 23 60
13 55 55
98 38 32
74 35 91
80 25 64
19 78 93
43 19 26
0 89 69
93 21 57
12 8 16
68 6 13
61 85 22
30 83 16
75 79 54
88 98 52
52 27 3
66 20 11
80 94 17
54 7 5
85 67 94
86 82 81
81 13 32
23 89 93
77 89 85
67 73 45
38 3 52
60 57 42
73 91 41
74 9 58
24 26 19
49 73 97
86 22 44
67 60 99
4 79 33
55 83 24
77 83 58
16 53 10
27 86 68
33 6 28
13 45 52
44 33 42
10 37 85
72 45 65
82 94 57
28 100 1
2 67 55
4 47 5
92 80 87
27 56 28
55 94 1
69 44 38
67 88 33
100 6 94
2 72 59
21 89 97
27 5 38
82 28 71
30 65 81
43 44 59
17 53 33
16 35 59
41 97 68
7 29 92
6 74 68
4 8 40
72 9 77
44 65 58
65 88 97
34 92 25
96 31 25
77 18 99
14 60 30
31 43 35
41 9 44
89 84 47
93 92 92
3 8 88
84 74 99
66 17 16
28 53 36
0 10 42
33 84 61
73 100 14
22 54 16
10 55 27
13 21 19
44 71 96
97 7 12
23 3 100
97 83 99
87 5 14
94 41 86
70 25 2
84 58 8
81 79 13
40 9 35
13 9 38
86 92 88
51 36 99
57 58 89
80 2 41
46 38 10
58 85 42
54 83 44
82 20 52
15 14 85
16 10 4
67 95 83
70 16 5
95 24 55
95 95 17
28 2 36
57 52 31
78 71 68
97 37 34
77 46 98
69 77 100
37 65 24
72 96 80
95 88 7
52 23 15
1 90 31
5 36 8
42 93 63
9 72 95
60 98 27
63 73 6
90 63 36
3 83 27
0 39 48
24 98 37
52 96 17
96 97 9
43 72 63
1 54 73
83 39 80
31 15 100
78 21 43
47 27 8
91 5 25
56 91 37
10 86 69
23 35 44
71 8 8
7 78 53
61 30 32
59 96 91
61 9 64
41 54 55
52 72 19
82 47 46
55 68 37
40 31 94
85 73 70
70 67 75
49 18 95
26 63 84
73 5 80
82 79 96
56 83 72
63 74 95
38 10 22
0 32 79
50 91 58
52 44 12
42 58 87
12 55 55
54 98 4
34 78 21
19 61 77
89 48 39
79 40 83
47 85 3
84 32 46
69 96 3
30 17 52
41 87 80
2 36 39
98 39 27
37 13 100
38 73 58
1 81 66
76 41 73
4 42 74
16 74 2
81 38 43
60 81 24
55 32 37
55 55 17
44 68 69
89 11 13
62 17 11
40 32 40
53 46 81
30 15 68
65 83 43
91 77 63
19 25 7
1 97 39
6 45 79
38 36 53
63 90 6
39 5 87
29 81 85
19 53 6
31 9 89
8 20 80
58 27 76
95 21 59
79 6 30
7 54 41
22 42 25
100 70 91
82 70 56
47 2 34
86 67 92
75 55 81
20 94 40
52 10 20
35 45 55
54 53 91
19 38 41
35 8 16
76 82 99
77 23 24
39 43 22
1 73 59
6 97 77
12 65 66
4 64 60
71 52 15
14 81 78
28 96 15
17 55 29
1 12 64
21 28 21
8 78 93
5 19 45
18 56 55
35 9 73
92 40 17
23 68 11
51 52 94
94 29 22
94 6 97
25 23 43
60 52 78
75 31 59
87 37 36
8 90 85
1 7 59
10 32 14
0 2 42
64 76 28
58 90 100
7 34 65
34 67 6
12 83 57
64 25 83
68 85 59
54 12 86
99 13 4
52 27 39
58 86 97
29 25 59
35 71 80
75 91 13
54 93 10
62 86 17
90 67 82
38 31 43
2 32 95
26 7 46
20 18 1
12 24 3
40 87 59
57 28 81
26 92 27
70 59 36
76 58 19
98 55 70
8 58 1
37 92 57
0 55 55
99 3 95
12 100 82
4 90 64
42 12 84
59 60 85
15 81 62
61 58 61
53 77 48
43 58 83
2 93 86
56 6 32
16 11 38
83 56 97
44 35 57
99 10 38
69 3 81
91 86 32
95 23 15
93 73 82
92 31 9
50 45 96
95 29 87
55 84 13
35 55 45
12 88 91
96 46 9
65 91 93
36 98 30
99 70 27
24 84 57
67 53 15
55 65 61
87 20 40
84 18 41
52 71 98
25 25 97
16 43 68
0 53 42
46 60 87
5 85 97
0 20 21
38 13 25
87 22 56
52 37 89
61 71 58
77 75 10
85 55 91
96 23 25
64 16 62
90 48 65
100 90 10
5 95 26
32 10 75
64 20 30
60 38 13
42 7 15
10 9 17
41 58 27
15 90 92
7 84 22
100 66 13
72 82 11
80 60 28
71 35 27
92 55 47
20 60 75
25 76 48
62 90 75
79 20 6
48 38 28
57 48 78
98 87 25
86 41 9
93 6 84
35 62 33
49 47 74
97 10 91
22 88 73
39 68 89
25 69 7
29 23 13
55 94 27
57 75 18
50 36 93
53 66 72
54 31 99
3 96 47
77 41 62
11 83 30
82 97 70
50 65 61
28 46 55
95 22 15
9 76 39
59 75 48
78 13 34
97 61 94
100 26 16
89 99 82
95 44 79
85 84 21
49 86 5
54 28 31
27 6 1
59 83 100
25 24 95
52 33 14
100 61 33
45 83 96
48 39 20
37 3 58
9 10 84
97 44 60
86 15 32
23 1 19
19 87 86
18 69 54
72 17 12
34 59 57
100 31 47
52 20 71
23 8 13
38 55 3
30 86 56
100 98 41
14 72 37
77 21 90
60 86 100
76 77 73
75 71 84
91 48 60
78 100 69
85 7 21
22 4 96
41 48 10
15 40 98
74 29 63
35 29 87
52 39 2
53 3 4
97 44 64
60 4 61
100 33 89
32 60 75
27 63 72
2 1 3
93 85 66
84 48 1
58 20 22
35 64 17
49 2 81
96 46 59
97 69 86
66 22 24
81 38 96
53 22 1
82 32 14
60 68 69
53 85 73
7 79 5
79 74 13
8 67 44
18 22 25
36 86 34
10 34 81
93 54 6
68 13 87
100 84 31
56 82 23
73 60 73
39 62 100
14 19 22
78 12 41
51 72 5
24 66 29
40 29 7
41 98 74
49 42 78
34 85 73
1 13 64
53 89 74
8 61 3
8 31 78
100 84 72
69 96 28
80 15 95
29 42 62
79 26 26
74 13 7
99 95 91
12 7 78
43 86 20
81 14 29
67 7 97
84 93 54
59 82 94
32 46 61
89 37 94
52 71 59
67 14 93
49 32 95
78 22 46
76 10 62
44 19 7
98 83 39
92 33 47
1 87 21
14 59 83
14 78 60
100 76 79
46 54 18
18 13 17
4 92 13
53 70 66
11 60 98
25 61 69
67 94 53
6 74 32
68 76 65
100 17 30
58 36 22
11 97 8
67 54 42
75 18 61
48 46 58
2 100 54
4 38 5
21 80 63
26 54 1
67 43 16
31 86 25
84 63 23
91 24 30
31 10 68
10 22 55
93 94 28
53 52 65
29 2 60
60 83 20
72 40 83
79 87 63
2 57 53
68 82 88
19 95 1
82 24 95
24 100 35
20 46 63
38 100 15
35 81 8
22 28 37
64 88 26
12 71 89
58 99 46
95 11 94
97 87 65
15 87 67
98 4 46
7 29 86
78 56 13
93 5 46
33 36 11
48 100 7
17 79 13
61 56 2
1 87 71
87 57 12
69 62 92
49 43 41
13 99 9
53 28 74
0 92 67
48 52 2
53 48 15
91 86 25
98 85 64
75 76 37
33 70 76
31 80 31
80 33 25
49 48 55
57 92 78
35 16 42
86 33 83
33 18 17
8 7 32
12 59 63
100 89 96
95 85 18
21 1 14
7 25 48
18 89 10
61 95 87
88 27 3
70 44 46
57 71 100
53 80 34
45 58 69
55 82 21
100 1 1
88 93 40
39 85 37
67 10 77
50 20 90
75 97 59
